 0.10 5 5000 
0.10 0.80 0.10 0.20 0.50 
103 4599 103 106 89 
0.14 0.80 0.10 0.24 0.42 
0.00 
0.00 
0.00 
0.00 
0.00 
-1.00 
-0.00 
-1.00 
5.00 
5.00 
6.00 
6.00 
6.00 
6.00 
7.00 
4.86 
5.00 
5.11 
6.20 
4.55 
4.67 
4.77 
4.86 
5.93 
5.80 
5.87 
5.94 
6.00 
6.05 
6.10 
6.14 
6.18 
7.22 
7.13 
7.17 
7.20 
7.23 
8.26 
8.19 
9.21 
7.86 
7.90 
8.94 
7.62 
8.67 
7.38 
7.43 
8.47 
8.33 
8.38 
8.42 
8.46 
8.50 
8.54 
9.57 
8.33 
8.36 
8.40 
8.43 
8.47 
9.50 
9.29 
8.08 
9.12 
7.92 
7.96 
9.00 
7.82 
8.86 
8.68 
8.52 
9.31 
8.14 
8.18 
8.23 
9.27 
9.06 
10.11 
8.94 
8.98 
10.03 
8.87 
8.91 
8.96 
9.00 
9.04 
9.08 
9.12 
10.16 
9.96 
11.00 
10.80 
10.84 
10.88 
10.92 
10.96 
10.77 
10.58 
11.62 
10.44 
10.49 
10.53 
11.57 
11.38 
11.42 
11.47 
11.51 
11.55 
11.58 
11.62 
12.66 
13.48 
12.30 
12.34 
12.38 
13.42 
12.25 
13.29 
14.10 
14.92 
14.73 
13.56 
14.60 
14.40 
14.45 
14.49 
14.53 
14.58 
14.62 
15.66 
14.49 
15.53 
14.36 
14.40 
14.44 
15.48 
15.32 
14.16 
15.20 
14.04 
14.09 
15.13 
13.97 
15.02 
14.80 
14.84 
14.89 
14.93 
14.97 
15.76 
15.55 
15.59 
15.63 
15.68 
15.72 
15.76 
16.80 
15.64 
15.68 
15.72 
15.76 
15.80 
15.84 
15.88 
16.91 
16.76 
16.56 
16.60 
16.64 
16.68 
16.71 
16.75 
16.79 
16.82 
16.86 
17.89 
16.74 
16.78 
17.81 
16.67 
16.71 
16.74 
16.77 
16.81 
16.84 
16.87 
16.91 
17.94 
16.80 
16.83 
16.87 
16.90 
16.93 
16.96 
16.99 
17.02 
17.05 
17.08 
17.11 
17.13 
17.16 
18.19 
17.06 
17.09 
18.12 
16.99 
18.02 
16.90 
17.93 
16.81 
16.84 
16.86 
17.89 
16.77 
16.80 
16.83 
16.86 
16.88 
16.91 
16.94 
16.96 
16.99 
18.02 
16.90 
17.93 
16.82 
16.84 
16.87 
16.90 
16.92 
16.95 
16.97 
18.00 
17.81 
17.83 
17.86 
17.88 
17.91 
18.93 
17.82 
17.85 
17.87 
17.69 
17.71 
17.74 
17.76 
17.79 
17.81 
17.84 
17.86 
17.88 
17.91 
18.93 
18.82 
18.64 
18.67 
18.69 
18.71 
18.74 
18.76 
18.78 
18.81 
18.83 
18.85 
18.87 
18.89 
18.92 
19.94 
18.83 
18.85 
18.87 
18.90 
18.92 
18.94 
18.96 
18.98 
18.81 
18.83 
19.85 
19.69 
19.71 
19.73 
20.57 
19.46 
19.48 
19.50 
19.52 
20.54 
19.44 
19.46 
19.48 
19.50 
20.52 
19.42 
19.44 
20.46 
20.29 
20.31 
21.33 
21.23 
20.12 
20.14 
20.16 
20.19 
20.21 
20.23 
20.25 
20.27 
20.29 
20.31 
20.33 
21.35 
22.19 
22.08 
21.91 
21.94 
21.96 
21.98 
22.00 
23.02 
22.92 
22.81 
22.71 
21.60 
21.62 
21.65 
21.67 
22.69 
21.59 
21.61 
22.63 
22.53 
21.43 
22.45 
22.27 
23.30 
23.11 
23.14 
23.16 
23.18 
24.21 
23.10 
23.12 
24.15 
23.05 
23.07 
23.09 
24.11 
23.01 
23.04 
24.06 
22.96 
22.98 
23.00 
23.03 
24.05 
23.86 
23.89 
24.91 
23.81 
23.62 
23.65 
23.67 
24.69 
24.59 
23.49 
23.52 
23.54 
23.56 
23.58 
24.40 
23.30 
24.32 
24.13 
24.16 
24.18 
24.20 
24.23 
24.25 
24.27 
24.30 
25.32 
24.22 
24.24 
24.26 
24.29 
24.31 
24.33 
25.35 
24.25 
24.28 
24.30 
24.32 
25.34 
25.24 
24.15 
24.17 
24.19 
24.21 
24.24 
24.26 
25.28 
25.09 
24.91 
24.93 
24.96 
25.98 
25.80 
25.82 
25.84 
25.86 
25.89 
25.91 
25.93 
26.95 
25.85 
25.87 
25.90 
25.92 
26.94 
25.84 
25.86 
25.88 
25.90 
26.93 
25.83 
25.85 
25.87 
25.89 
25.91 
25.94 
25.96 
25.98 
27.00 
27.82 
26.72 
26.74 
26.76 
26.79 
26.81 
26.83 
26.85 
26.87 
26.89 
26.91 
26.93 
26.95 
26.97 
26.99 
28.01 
27.84 
27.86 
28.88 
27.78 
27.80 
27.82 
28.84 
27.75 
27.77 
28.79 
27.69 
28.71 
27.62 
27.64 
27.66 
27.68 
27.70 
27.72 
28.74 
28.56 
28.58 
28.60 
28.62 
28.64 
28.66 
28.68 
29.70 
29.61 
28.52 
28.54 
28.56 
28.58 
28.59 
29.61 
29.52 
28.43 
28.45 
29.47 
28.38 
29.40 
28.31 
28.33 
28.35 
28.37 
29.39 
29.21 
29.23 
29.25 
29.27 
29.29 
29.31 
29.33 
29.35 
29.37 
30.38 
29.30 
29.32 
29.33 
29.35 
29.37 
29.39 
29.41 
29.43 
29.45 
30.46 
29.38 
30.40 
29.31 
29.33 
30.35 
29.26 
29.28 
30.30 
29.21 
30.23 
29.15 
29.17 
30.18 
30.10 
29.02 
29.04 
29.05 
29.07 
29.09 
29.11 
29.13 
30.15 
29.06 
29.08 
29.10 
29.12 
30.14 
29.05 
29.07 
29.09 
29.11 
29.13 
29.14 
29.16 
29.18 
29.20 
30.22 
31.04 
29.95 
30.97 
29.89 
29.91 
29.93 
29.94 
29.96 
30.98 
29.90 
29.92 
30.94 
30.86 
30.78 
29.70 
30.72 
30.64 
30.45 
30.47 
30.49 
31.50 
30.43 
31.44 
30.36 
30.38 
31.40 
30.32 
30.34 
30.36 
30.38 
31.40 
30.32 
31.34 
31.26 
30.18 
30.20 
30.22 
30.24 
30.25 
31.27 
31.08 
31.10 
31.12 
31.14 
31.15 
32.17 
31.98 
33.00 
32.81 
32.83 
32.85 
32.87 
32.89 
32.91 
32.92 
32.94 
32.96 
32.98 
33.00 
33.01 
33.03 
33.05 
33.07 
33.09 
33.10 
33.12 
33.14 
33.16 
34.17 
34.10 
33.91 
33.93 
34.95 
33.87 
33.89 
33.90 
33.92 
33.94 
34.96 
34.88 
33.80 
33.82 
33.84 
33.85 
34.87 
34.79 
33.72 
34.73 
33.66 
33.68 
33.69 
34.71 
33.63 
33.65 
34.67 
33.59 
33.61 
33.63 
33.65 
33.66 
34.68 
33.61 
34.62 
34.55 
33.48 
33.49 
33.51 
33.53 
33.55 
33.56 
33.58 
33.39 
33.41 
33.43 
33.44 
33.46 
33.48 
34.49 
34.42 
33.35 
34.36 
34.17 
34.19 
34.21 
34.23 
35.24 
34.17 
34.19 
34.20 
34.22 
34.24 
34.26 
34.27 
34.29 
34.31 
34.32 
35.34 
36.15 
36.08 
35.89 
35.91 
35.93 
35.94 
36.96 
36.89 
36.81 
35.74 
35.75 
35.77 
35.79 
35.81 
35.82 
36.84 
35.77 
36.78 
36.59 
36.61 
36.63 
36.65 
36.66 
36.68 
36.70 
36.72 
36.73 
36.75 
36.77 
36.78 
36.80 
36.82 
36.84 
36.85 
36.87 
36.89 
37.90 
37.72 
37.73 
37.75 
37.77 
37.78 
37.80 
37.82 
38.83 
37.76 
37.78 
37.79 
37.81 
38.83 
38.75 
39.57 
38.49 
38.51 
38.53 
39.55 
39.36 
39.38 
40.39 
39.32 
39.34 
39.35 
39.37 
40.39 
39.31 
39.33 
39.35 
39.36 
39.38 
40.40 
39.32 
39.34 
39.36 
39.37 
39.39 
39.41 
39.42 
39.44 
40.46 
39.38 
39.40 
40.42 
39.34 
39.36 
39.38 
39.39 
40.41 
39.34 
39.35 
39.37 
40.18 
40.00 
41.02 
40.94 
39.87 
40.89 
40.70 
40.72 
40.73 
40.75 
40.77 
40.58 
41.60 
40.52 
41.54 
41.47 
41.28 
41.30 
41.31 
41.13 
41.15 
42.16 
42.09 
41.90 
42.92 
41.84 
41.86 
41.88 
41.89 
42.91 
41.83 
41.85 
41.87 
42.89 
42.81 
42.62 
42.64 
42.66 
43.68 
43.60 
42.52 
43.54 
43.46 
44.27 
44.19 
44.00 
44.02 
44.04 
44.06 
44.08 
44.10 
44.11 
44.13 
44.15 
44.17 
44.19 
45.20 
45.13 
44.05 
44.07 
44.09 
44.10 
44.12 
45.14 
44.95 
44.97 
44.99 
45.01 
45.02 
45.04 
45.06 
46.08 
45.89 
45.91 
45.93 
45.94 
45.96 
45.98 
47.00 
45.92 
45.94 
45.96 
45.97 
46.99 
45.91 
45.93 
45.95 
45.97 
45.98 
47.00 
46.93 
46.74 
46.76 
46.77 
46.79 
46.81 
46.83 
46.85 
46.86 
47.88 
47.80 
46.73 
47.74 
46.67 
46.69 
46.70 
46.72 
46.74 
47.76 
47.68 
46.60 
46.62 
46.64 
47.66 
46.58 
47.60 
46.52 
46.54 
46.56 
46.58 
46.39 
46.40 
47.42 
47.35 
47.16 
47.17 
47.19 
47.21 
48.23 
47.15 
48.17 
47.09 
48.11 
48.04 
46.96 
46.98 
47.00 
47.01 
48.03 
46.96 
46.98 
46.99 
47.01 
47.03 
47.05 
47.06 
47.08 
48.10 
47.02 
47.04 
47.06 
47.08 
47.09 
47.11 
47.13 
48.15 
47.07 
47.09 
48.11 
47.03 
47.05 
47.07 
47.09 
47.10 
47.12 
47.14 
47.16 
48.17 
47.10 
47.12 
47.13 
48.15 
47.08 
48.10 
47.02 
47.04 
47.06 
47.08 
47.09 
47.11 
47.13 
47.14 
48.16 
47.09 
47.11 
47.12 
48.14 
47.07 
47.08 
47.10 
47.12 
47.13 
47.15 
47.17 
47.18 
48.20 
47.13 
47.15 
47.16 
48.18 
47.99 
48.01 
49.02 
48.83 
48.85 
48.87 
48.68 
49.70 
48.62 
48.64 
48.66 
48.67 
48.69 
48.71 
48.72 
49.74 
49.55 
50.57 
49.50 
49.51 
49.53 
50.55 
49.47 
50.49 
49.42 
49.44 
49.45 
50.47 
50.40 
50.33 
49.25 
50.27 
49.20 
49.22 
50.23 
49.16 
49.18 
49.20 
49.21 
49.23 
49.25 
49.26 
49.28 
49.30 
49.31 
49.33 
49.35 
49.36 
50.38 
49.31 
50.33 
49.26 
50.27 
49.20 
49.22 
49.24 
49.25 
49.27 
50.29 
50.22 
49.15 
50.16 
49.10 
49.11 
49.13 
49.15 
49.16 
50.18 
50.11 
49.04 
49.06 
49.07 
49.09 
50.11 
49.04 
49.06 
49.07 
49.09 
50.10 
49.04 
49.05 
49.07 
49.09 
49.10 
49.12 
49.13 
49.15 
50.17 
50.10 
49.03 
49.05 
50.06 
49.00 
49.01 
50.03 
48.96 
49.98 
48.91 
48.93 
48.95 
48.96 
48.98 
48.99 
49.01 
50.03 
48.96 
48.98 
48.99 
49.01 
49.02 
49.04 
50.06 
48.99 
49.01 
49.02 
49.04 
49.84 
48.78 
49.79 
48.73 
48.74 
48.76 
48.78 
48.79 
48.81 
48.82 
48.84 
48.85 
48.87 
49.89 
49.69 
49.71 
50.72 
49.66 
49.67 
50.69 
49.62 
49.64 
49.66 
49.67 
49.69 
49.70 
49.72 
49.73 
50.75 
49.68 
49.70 
49.72 
50.73 
49.67 
49.68 
49.70 
49.71 
49.73 
49.74 
50.76 
50.57 
50.58 
51.60 
51.53 
51.34 
51.35 
52.37 
52.18 
52.19 
52.21 
52.22 
52.03 
53.05 
51.98 
52.00 
52.01 
52.03 
52.05 
52.06 
53.08 
52.01 
53.03 
51.96 
51.98 
51.99 
52.01 
52.02 
52.04 
53.05 
51.99 
52.00 
53.02 
51.95 
51.97 
52.99 
52.92 
51.86 
51.87 
51.89 
51.90 
51.92 
52.93 
51.87 
52.88 
51.82 
51.84 
51.85 
51.87 
51.88 
51.90 
51.91 
52.93 
53.73 
53.67 
52.60 
52.62 
52.64 
52.65 
53.67 
52.60 
52.62 
52.63 
53.65 
52.59 
52.60 
52.62 
52.63 
52.65 
52.66 
52.68 
52.69 
52.71 
52.73 
52.74 
52.76 
52.77 
52.79 
52.80 
53.82 
52.75 
52.77 
53.78 
53.59 
53.40 
53.41 
54.43 
53.36 
53.38 
54.39 
53.33 
54.35 
54.28 
54.22 
54.02 
54.04 
55.05 
53.99 
54.00 
54.02 
55.04 
54.97 
53.91 
53.92 
53.94 
53.95 
53.97 
53.98 
54.00 
55.02 
53.95 
53.97 
53.98 
54.00 
54.01 
54.03 
54.04 
54.06 
54.08 
55.09 
54.03 
55.04 
53.98 
53.99 
54.01 
54.03 
54.04 
54.06 
53.86 
53.88 
53.89 
54.91 
54.84 
53.78 
53.80 
53.81 
53.83 
54.84 
53.78 
53.79 
53.81 
54.82 
54.76 
53.70 
53.71 
54.73 
54.67 
53.60 
54.62 
53.56 
53.57 
53.59 
53.60 
53.62 
53.63 
53.65 
53.66 
53.68 
53.69 
53.71 
53.73 
53.74 
53.76 
53.77 
53.79 
53.80 
53.82 
54.83 
53.77 
53.78 
53.80 
53.81 
53.83 
53.84 
53.86 
53.87 
53.89 
53.90 
53.92 
53.93 
54.95 
53.89 
54.90 
54.71 
55.72 
55.66 
54.60 
54.61 
55.63 
54.57 
54.58 
55.60 
55.40 
56.42 
55.35 
55.37 
55.38 
56.40 
56.20 
56.22 
56.23 
56.25 
57.26 
57.20 
58.01 
57.94 
57.75 
57.76 
57.78 
57.79 
57.81 
57.82 
58.84 
58.78 
57.71 
58.73 
58.67 
57.60 
57.62 
58.63 
57.57 
58.59 
57.52 
57.54 
57.56 
57.57 
57.59 
57.60 
57.40 
57.42 
58.43 
58.37 
58.31 
58.11 
59.13 
59.06 
58.00 
59.02 
57.95 
58.97 
57.91 
58.92 
58.86 
57.80 
57.81 
57.83 
57.84 
57.86 
57.88 
57.89 
58.91 
57.84 
57.86 
57.88 
57.89 
57.91 
57.92 
58.94 
57.88 
57.89 
58.91 
58.71 
59.72 
59.52 
59.54 
59.55 
59.57 
59.58 
59.60 
60.62 
60.42 
60.43 
60.45 
60.46 
60.48 
61.49 
61.30 
61.31 
61.33 
61.34 
61.14 
61.16 
61.96 
60.90 
60.91 
60.93 
60.95 
60.96 
60.98 
60.99 
62.01 
61.81 
61.61 
61.63 
61.65 
61.66 
61.68 
62.69 
62.50 
62.30 
62.32 
62.33 
62.35 
62.36 
62.38 
62.40 
62.41 
62.43 
63.45 
62.38 
62.40 
62.41 
62.43 
62.44 
62.46 
63.48 
63.28 
63.30 
63.31 
63.33 
63.35 
63.36 
64.38 
64.31 
63.24 
64.26 
64.07 
65.08 
65.01 
63.95 
64.96 
64.77 
65.78 
64.72 
65.73 
64.67 
64.68 
65.70 
64.63 
64.65 
64.67 
64.68 
64.70 
65.71 
64.65 
64.66 
64.68 
64.70 
64.71 
64.73 
64.75 
64.76 
64.78 
64.79 
64.81 
64.83 
64.84 
64.86 
64.88 
64.89 
64.91 
64.92 
64.94 
64.96 
64.97 
64.99 
65.00 
64.81 
64.82 
65.84 
65.77 
65.71 
65.51 
65.53 
65.54 
65.56 
65.58 
65.59 
66.61 
66.54 
65.48 
65.49 
66.51 
65.44 
65.46 
65.48 
65.28 
65.30 
66.31 
67.12 
66.05 
66.07 
66.08 
66.10 
66.11 
67.13 
66.93 
67.95 
67.76 
68.77 
67.70 
67.72 
67.74 
67.75 
67.77 
67.79 
67.80 
67.82 
68.84 
67.77 
68.78 
67.72 
67.73 
68.75 
68.55 
68.57 
68.59 
68.60 
68.62 
69.64 
68.57 
68.59 
68.60 
68.62 
68.63 
68.65 
68.67 
68.68 
68.70 
68.72 
69.73 
69.66 
68.60 
68.61 
69.63 
69.44 
69.45 
69.47 
69.48 
69.50 
70.52 
70.45 
69.38 
69.40 
70.41 
69.35 
70.36 
71.17 
70.10 
70.12 
71.13 
70.07 
70.08 
71.10 
70.03 
70.05 
70.07 
70.08 
70.10 
71.11 
70.92 
70.93 
71.95 
70.88 
70.90 
70.92 
70.93 
70.95 
71.97 
71.90 
70.83 
70.85 
70.86 
70.88 
70.90 
70.91 
70.93 
70.95 
71.96 
70.90 
70.91 
71.93 
70.86 
70.88 
70.89 
70.91 
70.93 
70.94 
70.96 
70.97 
71.99 
70.92 
70.94 
70.96 
70.97 
70.99 
71.00 
71.02 
71.04 
71.05 
71.07 
71.08 
71.10 
71.11 
71.13 
72.15 
71.08 
71.10 
72.11 
71.05 
72.06 
71.00 
71.01 
71.03 
71.05 
72.06 
71.00 
71.01 
71.03 
71.04 
71.06 
71.07 
71.09 
71.11 
71.12 
71.14 
71.15 
72.17 
71.10 
70.91 
70.92 
70.94 
70.96 
70.97 
70.99 
71.00 
71.02 
71.03 
71.05 
71.06 
71.08 
71.10 
71.11 
71.13 
72.14 
71.08 
71.09 
72.11 
71.04 
71.06 
71.07 
71.09 
71.10 
71.12 
72.14 
72.07 
71.88 
71.89 
71.91 
71.92 
71.94 
71.96 
72.97 
71.91 
71.92 
72.94 
72.87 
71.81 
71.82 
72.84 
72.78 
72.71 
71.65 
72.66 
73.47 
73.27 
74.29 
74.23 
73.16 
74.18 
74.11 
74.92 
73.85 
74.87 
74.67 
74.69 
74.70 
74.72 
74.73 
74.75 
74.77 
74.78 
75.80 
74.73 
75.75 
74.68 
74.70 
74.72 
74.73 
74.75 
74.76 
74.78 
74.79 
74.81 
74.83 
75.84 
74.78 
75.79 
75.60 
75.61 
76.63 
75.56 
75.58 
76.59 
75.53 
75.55 
75.35 
75.37 
75.38 
76.40 
75.33 
75.35 
76.36 
75.30 
75.32 
75.33 
76.35 
76.15 
76.17 
76.18 
76.20 
76.21 
76.23 
77.25 
77.05 
77.07 
78.08 
77.02 
77.03 
78.05 
77.98 
77.92 
76.85 
76.87 
76.89 
76.90 
76.92 
77.93 
77.87 
77.80 
76.74 
77.75 
76.69 
76.71 
76.72 
77.74 
76.67 
77.69 
76.62 
76.64 
76.66 
76.67 
76.69 
76.70 
76.72 
76.74 
76.75 
77.77 
77.57 
77.59 
77.60 
78.62 
77.55 
77.57 
77.58 
77.60 
77.62 
77.63 
78.65 
78.45 
78.47 
78.48 
78.50 
78.51 
78.53 
78.55 
78.56 
78.58 
78.59 
79.61 
78.54 
79.56 
78.49 
79.51 
79.45 
78.38 
79.40 
79.33 
79.14 
79.15 
80.17 
79.10 
78.91 
78.92 
78.94 
78.95 
78.76 
78.77 
78.79 
79.80 
78.74 
78.76 
79.77 
79.71 
79.64 
78.58 
78.59 
78.61 
78.63 
79.64 
78.58 
78.59 
78.61 
78.62 
78.64 
79.66 
78.59 
78.61 
79.62 
78.56 
79.58 
79.38 
79.39 
79.41 
80.43 
80.36 
80.30 
80.23 
79.17 
79.18 
79.20 
79.22 
79.23 
79.25 
80.26 
79.20 
79.22 
79.23 
79.25 
79.26 
79.28 
79.30 
80.31 
80.25 
79.18 
78.98 
79.00 
79.02 
80.03 
78.97 
79.98 
78.92 
78.94 
79.95 
78.89 
78.90 
79.92 
78.86 
79.87 
79.67 
79.47 
79.49 
79.50 
79.52 
80.54 
79.47 
79.49 
79.50 
79.52 
79.54 
79.55 
79.57 
79.58 
79.60 
80.62 
79.55 
79.57 
79.58 
79.60 
79.62 
80.63 
80.43 
80.45 
80.46 
80.48 
80.50 
80.51 
80.53 
80.54 
81.56 
81.36 
81.38 
81.39 
82.41 
81.34 
81.36 
82.38 
81.31 
82.33 
83.13 
82.06 
82.08 
82.10 
83.11 
83.05 
81.98 
82.00 
83.02 
81.95 
81.75 
82.77 
82.70 
81.64 
82.65 
81.59 
81.61 
82.62 
83.42 
82.36 
83.37 
83.17 
83.19 
83.20 
83.22 
83.02 
83.04 
84.05 
82.99 
83.00 
83.02 
83.04 
83.05 
84.07 
83.87 
83.89 
83.90 
83.92 
83.93 
84.95 
84.89 
84.82 
84.75 
85.55 
85.49 
84.42 
84.44 
84.46 
84.47 
84.49 
85.50 
86.30 
85.24 
85.25 
85.27 
85.29 
86.30 
85.24 
85.25 
85.27 
85.29 
86.30 
85.24 
85.26 
85.27 
85.29 
86.31 
86.10 
87.12 
86.05 
86.07 
86.09 
87.10 
86.90 
86.92 
86.94 
86.95 
86.97 
86.99 
87.00 
87.02 
87.04 
87.05 
87.07 
88.08 
88.02 
86.95 
87.97 
86.90 
86.92 
86.94 
87.95 
86.89 
86.91 
86.92 
86.94 
87.95 
86.89 
86.91 
87.92 
86.86 
86.87 
86.89 
86.91 
86.71 
86.72 
86.52 
86.54 
87.55 
87.49 
87.29 
87.30 
88.32 
88.12 
88.13 
88.15 
88.17 
88.18 
88.20 
88.22 
88.23 
88.25 
89.27 
89.07 
90.08 
90.88 
89.82 
89.83 
90.85 
89.78 
89.80 
89.82 
90.83 
89.77 
89.78 
89.80 
89.82 
89.83 
90.85 
89.78 
89.80 
89.82 
90.83 
90.63 
90.65 
90.67 
90.68 
90.70 
90.72 
91.73 
92.53 
91.47 
91.48 
91.50 
91.52 
91.53 
91.55 
91.57 
91.58 
91.60 
91.62 
91.63 
92.65 
91.58 
91.60 
91.62 
92.63 
91.57 
91.58 
91.60 
91.62 
91.63 
91.65 
91.67 
92.68 
91.62 
91.63 
91.43 
91.45 
91.47 
92.48 
91.42 
91.43 
91.45 
92.47 
91.40 
91.42 
92.43 
91.37 
91.38 
91.40 
91.42 
91.43 
91.45 
92.47 
91.40 
91.42 
91.43 
91.45 
91.47 
91.48 
91.50 
91.52 
91.53 
91.55 
91.56 
91.58 
92.60 
92.53 
91.47 
91.48 
92.50 
93.30 
93.10 
94.12 
93.05 
93.07 
93.08 
94.10 
93.03 
93.05 
93.07 
93.08 
93.10 
94.12 
93.05 
93.07 
93.08 
93.10 
93.12 
93.13 
93.15 
93.16 
93.18 
93.20 
93.21 
93.23 
93.25 
93.26 
93.28 
93.29 
93.31 
93.33 
94.34 
93.28 
93.29 
93.31 
94.33 
93.26 
93.28 
94.29 
93.23 
93.24 
93.26 
93.28 
93.08 
93.09 
94.11 
94.91 
93.85 
93.86 
93.88 
93.89 
94.91 
94.85 
93.78 
93.80 
93.81 
93.83 
94.84 
94.78 
95.58 
94.51 
94.53 
94.55 
95.56 
94.50 
95.51 
96.32 
95.25 
95.27 
95.28 
95.30 
96.32 
96.12 
96.13 
96.15 
97.17 
96.10 
96.12 
96.13 
96.15 
96.16 
96.18 
96.20 
96.21 
96.23 
96.25 
96.26 
96.06 
97.08 
97.01 
95.95 
95.96 
95.98 
97.00 
95.93 
95.95 
95.96 
96.98 
95.91 
96.93 
96.87 
96.80 
95.73 
95.75 
96.55 
95.48 
96.28 
95.22 
95.23 
95.25 
95.27 
95.28 
95.30 
95.32 
95.33 
96.35 
95.28 
95.30 
96.32 
95.25 
95.27 
96.28 
97.08 
96.02 
97.03 
95.97 
95.99 
96.00 
96.02 
96.04 
96.05 
97.07 
96.00 
96.02 
96.04 
96.05 
96.07 
97.08 
96.02 
96.04 
96.05 
96.07 
97.09 
96.02 
96.04 
96.05 
96.07 
96.09 
96.10 
96.12 
95.92 
95.93 
95.95 
95.97 
95.98 
97.00 
95.93 
96.95 
96.75 
97.77 
97.57 
98.58 
98.38 
98.40 
98.42 
98.43 
99.45 
98.38 
98.40 
98.42 
99.43 
98.37 
99.38 
98.32 
98.33 
99.35 
99.28 
99.22 
98.15 
98.17 
98.19 
99.20 
98.14 
98.15 
99.17 
98.10 
98.12 
98.14 
98.15 
98.17 
98.19 
99.20 
98.14 
99.15 
98.95 
98.97 
98.99 
99.00 
99.02 
99.04 
99.05 
99.07 
100.08 
100.02 
99.95 
100.75 
99.69 
99.70 
99.72 
99.74 
100.75 
100.69 
99.62 
99.64 
99.65 
99.67 
100.69 
100.49 
101.50 
100.44 
100.45 
100.47 
101.49 
101.42 
101.22 
101.24 
101.25 
101.27 
102.29 
101.22 
101.24 
101.25 
101.27 
101.29 
102.30 
101.24 
102.25 
102.05 
102.07 
102.09 
103.10 
102.90 
103.92 
102.85 
102.87 
102.88 
102.90 
102.92 
102.93 
102.95 
102.97 
103.98 
102.92 
103.94 
103.73 
104.75 
104.55 
104.57 
104.58 
104.60 
104.62 
104.63 
104.65 
104.67 
105.68 
104.62 
104.63 
104.65 
104.67 
104.68 
105.70 
105.63 
105.57 
104.50 
105.52 
104.45 
104.47 
104.49 
104.50 
104.52 
105.54 
105.47 
104.40 
104.42 
105.44 
106.23 
105.17 
105.19 
105.20 
105.22 
106.24 
105.17 
105.19 
106.20 
106.00 
106.02 
106.03 
106.05 
107.07 
106.00 
106.02 
106.04 
107.05 
105.99 
106.00 
106.02 
106.04 
107.05 
106.85 
107.87 
107.67 
107.68 
107.70 
107.72 
107.73 
107.75 
107.77 
107.78 
107.80 
107.82 
108.83 
108.77 
108.70 
107.63 
108.65 
107.59 
107.60 
107.62 
107.64 
107.65 
107.45 
107.47 
107.48 
107.50 
107.52 
108.53 
108.47 
107.40 
108.42 
107.35 
107.37 
107.39 
107.40 
107.42 
107.44 
107.45 
107.47 
107.49 
107.50 
107.52 
107.54 
107.55 
108.57 
108.50 
107.44 
107.45 
107.47 
107.49 
107.50 
107.52 
108.54 
107.47 
107.27 
108.29 
107.22 
108.24 
107.17 
107.19 
107.20 
107.22 
108.24 
107.17 
108.19 
108.12 
107.06 
107.07 
107.09 
107.11 
107.12 
107.14 
108.16 
107.09 
107.11 
108.13 
107.06 
107.08 
107.09 
108.11 
107.91 
107.92 
107.94 
107.96 
107.97 
107.99 
109.01 
107.94 
107.96 
108.97 
107.91 
107.93 
107.94 
107.96 
107.98 
108.99 
108.79 
108.81 
108.82 
108.62 
108.64 
108.65 
109.67 
109.47 
110.49 
110.42 
110.22 
110.23 
110.25 
110.27 
110.28 
110.30 
110.32 
111.34 
110.27 
111.29 
111.22 
112.02 
111.95 
111.89 
111.82 
110.75 
110.77 
110.79 
111.58 
111.52 
110.45 
110.47 
110.48 
110.50 
110.52 
110.54 
110.55 
110.57 
110.59 
110.60 
110.62 
110.64 
110.65 
110.67 
111.69 
110.62 
111.64 
110.57 
111.59 
110.52 
110.54 
110.56 
110.57 
111.59 
110.52 
110.54 
110.56 
110.57 
110.59 
110.61 
110.62 
110.64 
111.66 
110.59 
110.61 
110.63 
111.64 
111.58 
111.51 
111.45 
111.38 
110.32 
110.33 
110.35 
110.37 
110.38 
111.40 
110.33 
110.35 
110.37 
111.38 
111.32 
111.12 
112.13 
111.07 
111.08 
111.10 
111.12 
111.13 
112.15 
111.09 
111.10 
110.90 
110.91 
111.93 
110.87 
110.88 
110.90 
110.92 
111.93 
110.87 
110.88 
111.90 
110.84 
110.85 
110.87 
110.89 
110.90 
111.92 
110.85 
110.87 
111.89 
110.82 
111.84 
110.78 
110.79 
110.81 
110.83 
110.84 
110.86 
111.88 
111.67 
112.69 
111.62 
111.64 
112.66 
111.59 
111.61 
112.40 
112.20 
112.21 
112.23 
112.25 
113.27 
113.20 
112.13 
112.15 
112.17 
112.19 
112.20 
112.22 
112.24 
112.25 
112.27 
112.29 
112.30 
113.32 
113.25 
112.19 
113.21 
113.00 
113.02 
113.03 
114.05 
113.85 
114.86 
114.80 
113.73 
113.75 
113.77 
113.78 
113.80 
114.82 
113.75 
113.77 
113.79 
114.80 
114.60 
114.61 
115.63 
114.57 
114.58 
114.60 
114.62 
115.63 
115.57 
114.50 
114.52 
114.54 
114.55 
115.57 
114.50 
114.52 
114.54 
114.56 
115.57 
114.51 
114.52 
114.54 
115.56 
115.49 
115.43 
114.36 
114.38 
114.40 
114.41 
114.43 
114.45 
115.46 
114.40 
114.42 
114.43 
114.45 
114.47 
115.48 
114.42 
114.43 
114.45 
114.47 
114.48 
115.50 
115.44 
115.37 
114.31 
114.33 
114.34 
114.36 
115.38 
115.17 
115.19 
115.20 
116.22 
116.01 
116.03 
116.05 
116.06 
116.08 
116.10 
116.11 
116.13 
116.15 
116.16 
116.18 
116.20 
116.21 
117.23 
117.03 
118.04 
116.98 
116.99 
117.01 
116.81 
117.82 
118.62 
117.55 
117.57 
118.59 
118.52 
117.46 
117.47 
118.49 
118.42 
117.36 
117.38 
117.39 
117.41 
117.43 
117.44 
117.46 
118.48 
117.41 
117.43 
117.45 
117.46 
117.48 
117.50 
118.51 
117.45 
117.47 
118.48 
117.42 
117.43 
117.45 
117.47 
117.48 
117.50 
117.52 
117.53 
117.55 
118.57 
118.50 
117.44 
117.45 
117.47 
117.49 
117.50 
117.52 
117.54 
118.55 
118.35 
118.37 
118.38 
119.40 
118.33 
118.35 
118.37 
118.38 
118.40 
118.42 
118.43 
119.45 
119.25 
119.26 
119.28 
119.30 
120.31 
119.25 
119.26 
119.28 
119.30 
120.31 
119.25 
119.27 
119.28 
119.30 
120.32 
119.25 
119.27 
119.28 
120.30 
120.24 
119.17 
119.19 
120.21 
119.14 
119.16 
119.17 
120.19 
120.99 
119.92 
119.94 
120.96 
119.89 
119.91 
119.92 
119.94 
119.96 
120.97 
120.91 
120.85 
119.78 
119.80 
119.82 
120.83 
119.77 
119.78 
119.80 
119.82 
119.83 
120.85 
120.65 
120.66 
121.68 
121.61 
121.41 
121.43 
121.44 
121.46 
121.47 
121.49 
122.51 
121.44 
121.46 
121.48 
121.49 
122.51 
122.30 
123.32 
123.12 
123.13 
123.15 
123.17 
123.18 
123.20 
124.22 
124.15 
124.95 
124.74 
124.76 
125.78 
124.71 
125.73 
125.66 
124.60 
124.61 
124.63 
124.65 
125.66 
124.60 
124.62 
125.63 
124.57 
124.59 
125.60 
124.54 
124.55 
124.57 
125.59 
125.38 
125.40 
125.42 
125.43 
125.45 
125.47 
126.48 
125.42 
125.43 
126.45 
126.39 
125.32 
125.34 
126.36 
125.29 
126.31 
126.24 
126.04 
126.05 
127.07 
126.01 
126.02 
127.04 
126.83 
126.85 
126.87 
126.88 
126.90 
126.92 
126.93 
126.95 
126.97 
126.98 
127.00 
127.02 
128.03 
127.83 
127.85 
127.86 
127.88 
127.90 
127.91 
128.93 
128.72 
128.74 
128.76 
128.77 
129.79 
128.73 
128.74 
128.76 
129.56 
128.49 
128.51 
128.52 
128.54 
128.56 
128.57 
128.59 
128.61 
129.62 
128.56 
129.35 
130.15 
130.95 
129.88 
130.90 
130.83 
130.77 
129.70 
129.49 
129.51 
129.53 
129.55 
130.56 
130.50 
129.43 
129.45 
129.47 
129.48 
130.50 
130.29 
130.31 
131.33 
130.26 
130.28 
130.30 
131.31 
130.25 
130.26 
130.28 
130.30 
130.32 
130.33 
130.35 
131.37 
130.30 
131.32 
130.25 
130.27 
130.29 
130.30 
130.32 
131.34 
130.27 
131.29 
131.08 
131.10 
131.12 
131.13 
131.15 
131.17 
131.18 
132.20 
131.14 
131.15 
131.17 
131.19 
132.20 
132.00 
132.01 
132.03 
132.05 
132.07 
132.08 
132.10 
133.12 
132.91 
132.93 
132.94 
132.96 
132.98 
134.00 
133.79 
133.81 
133.82 
133.84 
133.86 
133.88 
133.89 
133.91 
133.93 
134.94 
134.88 
134.81 
133.75 
134.76 
134.56 
134.58 
134.59 
134.61 
134.63 
134.64 
134.66 
134.68 
134.69 
134.71 
134.73 
134.52 
134.54 
134.34 
134.35 
135.37 
134.30 
134.32 
134.34 
134.35 
134.37 
134.39 
134.41 
134.42 
134.44 
134.46 
135.47 
135.27 
135.29 
136.30 
136.24 
136.17 
135.10 
135.12 
136.14 
135.07 
136.09 
136.89 
135.82 
135.84 
135.85 
135.87 
135.89 
136.90 
135.84 
136.86 
136.65 
137.67 
138.46 
137.40 
137.41 
137.43 
138.45 
138.25 
138.26 
138.28 
138.30 
138.31 
138.33 
138.13 
138.14 
138.16 
138.18 
138.20 
138.21 
138.01 
138.03 
139.04 
139.84 
139.77 
140.57 
140.37 
141.38 
140.32 
140.33 
141.35 
140.28 
140.30 
140.32 
140.33 
140.35 
140.37 
140.39 
140.18 
141.20 
141.13 
140.06 
140.08 
140.10 
140.12 
140.13 
140.15 
140.17 
141.19 
140.12 
140.14 
140.15 
141.17 
140.10 
139.90 
139.92 
140.93 
139.87 
139.88 
139.90 
139.92 
140.93 
141.73 
140.66 
140.68 
140.70 
140.72 
140.73 
140.75 
140.77 
140.78 
140.80 
141.82 
140.75 
140.77 
140.79 
141.80 
141.60 
141.62 
141.63 
141.65 
141.67 
142.69 
141.62 
141.64 
142.65 
142.59 
142.52 
142.31 
143.33 
142.26 
142.28 
142.30 
142.32 
142.33 
142.35 
142.37 
142.39 
142.40 
143.42 
143.22 
143.23 
143.25 
143.27 
143.29 
144.30 
144.24 
143.17 
144.18 
143.12 
143.13 
144.15 
143.08 
142.88 
142.90 
142.91 
142.93 
142.95 
142.97 
142.98 
143.00 
143.02 
143.04 
144.05 
144.85 
144.78 
143.71 
143.73 
143.75 
143.77 
143.78 
143.80 
143.82 
143.84 
144.85 
143.78 
143.80 
143.82 
143.84 
143.85 
143.87 
144.89 
144.82 
144.75 
144.55 
145.57 
145.50 
145.30 
146.31 
145.25 
146.26 
146.20 
146.99 
146.79 
147.80 
147.60 
147.62 
148.64 
148.57 
147.50 
147.52 
148.53 
149.33 
149.26 
148.19 
148.21 
148.23 
149.25 
149.04 
150.06 
148.99 
149.01 
149.03 
149.04 
149.06 
149.08 
149.10 
150.11 
150.05 
149.98 
148.91 
148.93 
148.94 
148.96 
149.98 
148.91 
148.93 
148.95 
148.96 
149.98 
149.91 
148.84 
149.86 
149.66 
149.67 
149.69 
149.71 
149.73 
149.74 
149.76 
149.78 
149.80 
150.81 
149.75 
149.76 
149.78 
149.80 
149.82 
149.83 
149.85 
149.87 
149.89 
149.90 
149.92 
150.94 
150.74 
150.75 
150.77 
150.79 
150.81 
150.82 
151.84 
151.77 
150.70 
150.72 
151.74 
151.67 
150.60 
150.62 
150.64 
150.65 
151.67 
150.60 
150.62 
151.64 
151.57 
150.50 
150.52 
150.54 
150.56 
151.57 
151.51 
151.44 
152.23 
151.17 
152.18 
152.98 
151.91 
151.93 
152.94 
151.88 
151.89 
151.91 
151.93 
151.95 
151.96 
151.98 
152.00 
153.02 
151.95 
152.97 
152.90 
152.69 
153.71 
153.64 
152.57 
152.59 
152.61 
152.63 
153.65 
152.58 
152.60 
153.61 
152.54 
152.56 
152.58 
152.60 
152.62 
153.63 
152.57 
152.58 
152.60 
152.62 
152.64 
152.65 
152.67 
152.69 
152.71 
153.72 
152.66 
152.45 
152.47 
153.48 
152.42 
152.43 
152.45 
152.47 
152.49 
152.50 
152.52 
152.54 
153.56 
153.49 
153.28 
153.30 
154.32 
154.25 
153.18 
154.20 
153.13 
153.15 
153.17 
153.19 
154.20 
153.14 
153.15 
154.17 
153.10 
154.12 
153.05 
153.07 
154.09 
153.02 
153.04 
153.06 
153.07 
153.09 
154.11 
153.90 
153.92 
154.94 
153.87 
153.89 
154.91 
154.84 
153.77 
153.79 
153.81 
153.82 
153.84 
153.86 
153.88 
153.89 
153.91 
153.93 
153.95 
153.96 
154.98 
154.77 
154.79 
154.81 
154.83 
155.84 
155.78 
154.71 
154.73 
154.74 
154.76 
155.78 
154.71 
154.73 
155.75 
154.68 
154.70 
155.71 
154.65 
154.67 
154.68 
154.70 
154.72 
154.73 
154.75 
154.77 
155.79 
156.58 
156.37 
156.39 
156.41 
156.43 
156.44 
157.46 
157.39 
156.33 
156.35 
156.36 
156.38 
157.40 
156.33 
156.35 
156.37 
156.16 
157.18 
156.11 
156.13 
156.14 
156.16 
156.18 
157.20 
156.13 
156.15 
156.16 
156.18 
156.20 
157.22 
157.01 
158.03 
158.82 
157.75 
157.77 
157.79 
157.81 
157.82 
158.84 
159.64 
158.57 
158.59 
158.60 
158.62 
158.64 
158.66 
159.67 
158.61 
158.62 
158.64 
158.66 
158.68 
159.69 
158.63 
158.64 
158.66 
158.68 
158.70 
158.71 
158.73 
158.75 
159.76 
158.70 
158.72 
158.73 
158.75 
158.77 
158.78 
159.80 
160.60 
161.39 
162.19 
161.12 
161.14 
161.15 
161.17 
161.19 
161.21 
161.22 
162.24 
161.17 
162.19 
162.12 
161.06 
161.07 
161.09 
162.11 
161.04 
161.06 
162.08 
161.01 
161.03 
161.04 
161.06 
162.08 
161.01 
161.03 
161.05 
161.06 
161.08 
162.10 
161.03 
161.05 
161.07 
161.08 
161.10 
161.12 
161.13 
161.15 
162.17 
161.96 
161.98 
162.00 
163.02 
163.81 
163.61 
163.62 
163.64 
163.66 
163.68 
164.69 
163.63 
164.64 
163.58 
163.59 
163.61 
163.63 
163.64 
163.66 
164.68 
164.61 
163.54 
163.56 
164.58 
164.37 
164.39 
164.41 
164.43 
164.44 
164.46 
165.48 
165.41 
165.21 
165.22 
166.24 
166.04 
166.05 
165.85 
165.87 
165.88 
166.90 
166.70 
166.71 
166.73 
166.75 
167.77 
167.56 
167.58 
168.60 
167.53 
168.55 
167.48 
167.50 
167.51 
167.53 
167.55 
167.57 
167.58 
167.60 
168.62 
167.55 
167.57 
168.59 
168.38 
169.40 
168.33 
168.35 
169.37 
169.30 
170.09 
169.03 
169.04 
169.06 
170.08 
169.87 
169.89 
169.91 
170.93 
170.72 
170.74 
170.76 
170.77 
170.79 
170.81 
171.83 
171.62 
172.64 
171.57 
172.59 
171.52 
171.54 
172.56 
171.49 
171.51 
172.52 
172.45 
171.39 
171.40 
171.42 
171.44 
171.46 
171.47 
172.49 
172.29 
172.30 
173.32 
173.12 
173.14 
173.15 
174.17 
174.10 
174.90 
173.83 
174.85 
174.64 
174.66 
174.68 
174.47 
174.27 
174.29 
175.30 
174.24 
174.25 
175.27 
174.20 
174.22 
174.24 
175.26 
174.19 
174.20 
174.22 
174.24 
174.26 
174.27 
175.29 
175.22 
175.15 
175.95 
176.74 
175.67 
175.69 
175.71 
175.73 
175.75 
175.76 
176.78 
176.71 
175.64 
176.66 
176.46 
176.47 
176.49 
176.51 
177.53 
176.46 
176.48 
176.49 
176.51 
176.53 
176.55 
176.57 
176.36 
176.38 
176.40 
176.42 
176.43 
176.45 
176.47 
176.49 
176.50 
177.52 
176.45 
176.47 
176.27 
176.28 
176.30 
177.32 
176.25 
176.27 
176.29 
176.30 
177.32 
176.25 
176.27 
176.29 
176.31 
176.32 
176.34 
177.36 
177.29 
177.22 
176.15 
176.17 
177.19 
176.12 
176.14 
177.15 
176.08 
177.10 
176.03 
177.05 
177.85 
177.64 
177.66 
177.68 
177.69 
177.71 
177.73 
177.75 
178.77 
178.56 
178.58 
178.60 
179.61 
179.55 
178.48 
178.49 
178.51 
178.53 
178.55 
178.57 
178.58 
178.60 
179.62 
178.55 
178.57 
178.58 
178.60 
178.62 
178.64 
178.66 
178.67 
178.69 
178.71 
178.73 
178.75 
178.76 
178.56 
178.58 
178.59 
179.61 
179.54 
179.34 
179.36 
179.37 
179.39 
180.41 
179.34 
179.36 
180.38 
179.31 
179.32 
179.34 
180.36 
179.29 
179.31 
179.33 
179.34 
179.36 
179.38 
179.40 
179.42 
180.43 
179.36 
179.38 
179.40 
179.42 
179.43 
180.45 
179.38 
179.40 
179.42 
179.44 
179.45 
179.47 
179.49 
180.51 
179.44 
179.46 
179.47 
179.49 
179.51 
180.53 
180.46 
179.39 
179.41 
179.42 
180.44 
179.37 
179.39 
179.41 
179.43 
179.44 
179.46 
179.48 
179.50 
179.51 
180.53 
179.46 
179.48 
179.50 
179.51 
179.53 
179.55 
179.57 
179.58 
180.60 
179.53 
180.55 
180.48 
179.41 
179.43 
179.45 
180.47 
179.40 
180.42 
180.21 
180.23 
180.25 
180.26 
180.28 
180.08 
180.10 
180.11 
180.13 
181.15 
180.95 
180.96 
181.98 
181.78 
181.79 
181.81 
181.83 
181.85 
182.87 
182.66 
182.68 
182.70 
182.72 
182.73 
183.75 
183.68 
182.61 
182.63 
182.65 
182.66 
183.68 
182.61 
183.63 
183.43 
183.45 
184.46 
183.39 
183.41 
183.43 
183.45 
183.46 
183.48 
184.50 
183.43 
184.45 
184.25 
184.26 
184.28 
184.30 
184.32 
184.33 
184.35 
184.37 
185.39 
184.32 
184.33 
184.35 
185.37 
185.17 
185.18 
185.20 
185.22 
185.24 
186.25 
185.19 
186.20 
185.13 
185.15 
185.17 
185.19 
185.20 
185.22 
185.24 
185.26 
185.27 
185.29 
185.31 
185.33 
186.34 
185.28 
186.29 
185.22 
185.24 
185.26 
185.28 
186.29 
185.22 
185.24 
185.26 
185.28 
185.29 
185.31 
186.33 
186.26 
185.19 
186.21 
185.14 
186.16 
185.09 
186.11 
185.04 
185.06 
185.07 
185.09 
185.11 
186.13 
186.06 
185.99 
184.92 
185.94 
184.87 
184.89 
185.91 
184.84 
184.85 
185.87 
184.80 
184.82 
184.84 
185.86 
184.79 
185.81 
184.74 
184.75 
184.77 
184.79 
184.81 
184.82 
185.84 
184.77 
184.79 
185.81 
186.60 
185.54 
185.55 
185.57 
186.59 
185.52 
185.54 
185.56 
186.57 
185.51 
185.52 
185.54 
186.56 
186.49 
185.42 
185.44 
186.46 
185.39 
185.41 
185.42 
185.44 
185.46 
185.48 
185.49 
185.51 
185.53 
185.55 
185.56 
185.58 
185.60 
185.61 
185.63 
185.65 
185.67 
185.68 
185.70 
185.72 
185.73 
185.75 
185.77 
185.79 
185.80 
185.82 
186.84 
185.77 
185.79 
185.80 
185.82 
185.84 
185.86 
186.87 
185.81 
185.82 
185.84 
185.64 
185.65 
186.67 
185.60 
186.62 
186.42 
186.44 
186.45 
186.47 
186.49 
187.50 
186.44 
186.45 
187.47 
186.40 
186.20 
187.22 
187.01 
188.03 
186.96 
187.98 
187.78 
188.58 
187.51 
187.52 
188.54 
188.47 
187.41 
187.42 
187.44 
188.46 
188.25 
188.27 
188.29 
189.31 
189.10 
189.12 
189.14 
189.16 
189.17 
189.19 
189.21 
189.23 
189.24 
190.26 
189.19 
190.21 
190.01 
190.02 
190.04 
190.06 
190.08 
191.09 
190.02 
190.04 
190.06 
190.08 
190.09 
190.11 
190.13 
190.15 
191.16 
190.96 
190.98 
191.00 
191.01 
191.03 
191.05 
192.06 
191.00 
192.01 
191.95 
191.88 
190.81 
190.83 
190.84 
190.86 
190.88 
190.90 
190.91 
190.93 
190.95 
190.97 
191.98 
190.91 
190.93 
190.95 
190.97 
190.98 
191.00 
191.02 
192.04 
191.97 
190.90 
190.92 
190.93 
191.95 
190.88 
190.90 
190.92 
190.94 
190.95 
190.97 
191.99 
192.78 
193.58 
192.51 
192.53 
192.55 
192.57 
192.58 
192.60 
192.62 
192.63 
193.65 
192.58 
192.60 
192.62 
192.64 
192.65 
192.67 
193.69 
192.62 
192.64 
192.65 
193.67 
192.60 
192.62 
192.64 
192.65 
192.67 
192.69 
192.71 
192.72 
192.74 
192.76 
192.77 
192.79 
193.81 
193.61 
193.62 
194.64 
194.44 
194.46 
194.47 
195.49 
195.29 
195.31 
195.32 
195.34 
195.36 
195.37 
195.39 
195.41 
196.43 
195.36 
195.38 
196.39 
195.32 
195.34 
195.36 
196.38 
196.31 
195.24 
195.26 
195.27 
195.29 
195.09 
195.11 
195.12 
195.14 
195.16 
195.18 
195.19 
196.21 
196.01 
196.03 
196.04 
197.06 
196.86 
196.88 
196.89 
197.91 
196.84 
196.86 
196.88 
196.89 
196.91 
196.93 
196.94 
197.96 
197.89 
198.69 
197.62 
197.64 
197.66 
197.68 
197.69 
197.71 
197.73 
197.74 
197.76 
197.78 
197.80 
197.81 
197.83 
197.85 
197.86 
197.88 
197.90 
197.92 
197.93 
197.95 
197.97 
197.98 
199.00 
198.93 
197.86 
197.88 
197.90 
197.92 
198.93 
199.73 
198.66 
198.46 
198.48 
198.28 
199.30 
200.10 
199.03 
199.05 
200.06 
199.86 
200.88 
200.81 
200.74 
199.67 
199.69 
199.71 
199.73 
199.74 
199.76 
200.78 
199.71 
199.73 
199.74 
199.76 
199.78 
199.79 
199.81 
199.83 
199.85 
199.86 
200.88 
200.81 
199.74 
200.76 
200.56 
200.58 
200.59 
201.61 
200.54 
201.56 
200.49 
201.51 
200.44 
200.46 
201.48 
200.41 
201.42 
201.22 
201.24 
201.26 
202.28 
203.07 
203.01 
201.94 
202.95 
201.89 
201.90 
201.70 
201.72 
201.74 
202.75 
201.69 
201.70 
202.72 
202.52 
202.54 
202.55 
202.57 
202.59 
202.39 
203.40 
202.34 
203.35 
202.28 
203.30 
202.23 
203.25 
202.18 
203.20 
202.13 
202.15 
203.16 
203.10 
202.03 
203.04 
201.98 
201.99 
203.01 
201.94 
202.96 
203.76 
203.56 
203.57 
203.59 
203.61 
204.63 
203.56 
203.57 
203.59 
204.61 
203.54 
203.56 
203.57 
203.59 
203.61 
203.63 
203.64 
203.66 
204.68 
203.61 
203.63 
203.65 
203.44 
203.24 
203.26 
203.28 
203.29 
203.31 
203.33 
203.35 
203.36 
203.38 
204.40 
204.33 
203.26 
204.28 
203.21 
203.23 
204.24 
203.18 
203.19 
204.21 
204.14 
203.07 
203.09 
203.11 
203.13 
203.14 
204.16 
204.09 
203.02 
203.04 
204.06 
202.99 
203.01 
203.02 
203.04 
203.06 
204.08 
203.87 
204.89 
203.82 
203.84 
204.86 
204.79 
203.72 
203.74 
203.76 
203.77 
203.79 
203.81 
203.83 
204.84 
203.77 
203.79 
203.81 
203.83 
203.84 
203.86 
203.88 
203.90 
203.91 
203.93 
204.95 
204.74 
204.76 
204.78 
204.80 
204.81 
205.83 
205.76 
204.70 
205.71 
205.51 
205.53 
205.54 
205.56 
205.36 
205.38 
205.39 
205.41 
205.43 
205.45 
206.46 
205.40 
205.41 
205.43 
205.45 
205.46 
206.48 
205.41 
206.43 
205.36 
205.38 
205.40 
205.41 
205.43 
205.45 
206.47 
206.26 
206.28 
206.30 
206.32 
206.33 
207.35 
206.28 
206.30 
206.32 
207.33 
206.27 
206.28 
207.30 
208.10 
208.90 
207.83 
207.85 
208.86 
208.79 
208.73 
207.66 
208.67 
207.61 
208.62 
207.56 
208.57 
208.37 
208.39 
208.41 
209.42 
209.22 
210.24 
209.17 
209.19 
210.20 
211.00 
209.93 
209.95 
209.97 
210.98 
210.92 
210.71 
210.73 
211.53 
210.46 
210.48 
210.49 
210.51 
210.53 
211.55 
212.34 
211.27 
211.29 
211.31 
211.33 
212.34 
211.28 
211.29 
211.31 
211.33 
211.35 
211.36 
211.38 
211.40 
211.42 
211.43 
211.45 
211.47 
211.49 
211.50 
211.52 
211.54 
212.56 
211.49 
211.50 
211.52 
211.54 
211.56 
211.57 
211.59 
211.61 
211.63 
211.64 
211.66 
211.68 
212.70 
211.63 
211.64 
212.66 
211.59 
211.61 
211.63 
211.65 
211.66 
211.68 
212.70 
212.63 
211.56 
212.58 
211.51 
212.53 
212.32 
213.34 
213.27 
212.21 
212.22 
212.24 
213.26 
214.05 
212.99 
213.00 
213.02 
213.04 
214.06 
213.85 
213.87 
213.89 
213.91 
213.92 
213.94 
213.96 
213.97 
213.99 
215.01 
213.94 
213.96 
213.98 
213.99 
214.01 
214.03 
215.05 
213.98 
213.99 
215.01 
213.94 
214.96 
214.76 
215.78 
215.57 
215.59 
215.61 
215.63 
215.64 
215.66 
215.68 
215.70 
216.71 
217.51 
216.44 
216.46 
216.48 
216.49 
216.51 
216.53 
216.55 
217.56 
218.36 
218.29 
217.22 
218.24 
217.17 
217.19 
217.21 
218.23 
217.16 
217.17 
218.19 
217.12 
217.14 
217.16 
217.17 
218.19 
218.99 
218.79 
218.81 
218.82 
219.84 
218.77 
218.79 
219.81 
219.74 
219.54 
219.55 
220.57 
219.50 
219.52 
219.54 
219.55 
220.35 
219.28 
219.30 
220.32 
220.11 
220.13 
220.15 
220.17 
220.19 
220.20 
220.22 
220.24 
220.04 
220.05 
220.07 
220.09 
220.11 
220.12 
221.14 
220.07 
220.09 
220.11 
220.12 
221.14 
220.07 
220.09 
220.11 
221.12 
220.92 
220.94 
220.96 
220.98 
221.99 
221.92 
220.85 
220.87 
221.89 
221.82 
220.75 
221.77 
220.70 
221.72 
220.65 
221.67 
221.60 
220.53 
220.55 
220.56 
220.58 
221.60 
221.40 
222.41 
222.21 
223.23 
222.16 
223.18 
222.11 
222.12 
222.14 
222.16 
222.18 
222.19 
222.21 
222.23 
222.25 
223.27 
223.20 
223.13 
222.06 
222.08 
223.09 
222.02 
223.04 
222.97 
221.90 
221.92 
221.94 
221.96 
221.97 
221.99 
222.01 
223.03 
221.96 
222.98 
222.91 
222.84 
221.77 
221.79 
221.80 
222.82 
223.62 
222.55 
222.57 
223.59 
222.52 
222.53 
222.55 
222.57 
222.59 
222.60 
222.62 
222.64 
222.66 
223.67 
222.61 
222.62 
222.64 
223.66 
223.45 
223.47 
223.27 
224.29 
224.08 
225.10 
225.03 
223.96 
223.98 
224.00 
224.02 
224.03 
224.05 
224.07 
224.09 
224.10 
225.12 
224.92 
224.94 
225.95 
224.88 
225.90 
225.70 
226.72 
226.51 
226.53 
226.55 
226.57 
226.58 
226.60 
226.62 
226.42 
226.43 
227.45 
226.38 
226.40 
226.42 
226.43 
226.45 
226.47 
226.49 
227.51 
226.44 
227.45 
226.38 
226.40 
226.42 
227.44 
227.23 
227.25 
228.27 
228.07 
228.08 
228.10 
228.12 
229.14 
229.07 
228.00 
228.02 
228.03 
228.05 
228.07 
229.09 
228.02 
228.04 
229.05 
228.98 
228.91 
228.71 
228.73 
228.75 
228.76 
228.78 
229.80 
228.73 
228.75 
228.77 
229.78 
228.71 
228.73 
228.75 
228.77 
228.78 
229.80 
229.73 
228.66 
228.68 
228.70 
228.72 
228.73 
228.75 
228.77 
228.79 
228.80 
229.82 
229.75 
229.55 
230.57 
229.50 
229.52 
229.53 
229.55 
229.57 
230.59 
229.52 
230.54 
230.33 
230.35 
230.37 
230.39 
230.40 
230.42 
230.44 
231.46 
231.39 
230.32 
230.34 
231.35 
231.28 
231.21 
231.01 
231.03 
231.05 
231.06 
231.08 
231.88 
232.68 
231.61 
231.62 
231.64 
232.66 
232.46 
232.47 
232.49 
233.51 
233.44 
232.37 
